104857600S,0C
0 0
1989 1
1962 1
6425 1
548 1
564 1
2185 1
566 1
2935 1
739 1
1958 1
6450 1
27571 1
256748 1
257115 1
6299 1
7834 1
267525 1
6295 1
4314 1
695828 1
5915 1
695275 1
654179 1
8931 1
15907 1
1290625 1
5488 1
6305 1
35381 1
75055 1
75972 1
37710 1
17569 1
530363 1
38086 1
1916 1
31165 1
31561 1
52073 1
16965 1
61003 1
96540 1
15692 1
24842 1
12695 1
23771 1
740 1
741 1
21043 1
36030 1
44139 1
37679 1
3486771 1
488673 1
2487226 1
2696994 1
580255 1
39649 1
29859 1
48128 1
93683 1
22162 1
16769 1
4426 1
4635 1
19697 1
24116 1
96820 1
696983 1
492405 1
5403 1
339202 1
32404 1
32617 1
52852 1
32737 1
30383 1
61031 1
16015 1
25060 1
63807 1
8322 1
5015 1
13054 1
1554857 1
13388 1
15812 1
18870 1
21060 1
142434 1
