104857600S,0C
0 0
912 1
771 1
-1683 -2
3142 1
-3142 -1
3004 1
-3004 -1
771 1
796 1
796 1
771 1
771 1
1003 1
796 1
-5704 -7
5777 1
1946 1
-7723 -2
1031 1
796 1
-1827 -2
27547 1
6423 1
-33970 -2
796 1
-796 -1
4919 1
-4919 -1
6846 1
-6846 -1
17864 1
-17864 -1
108588 1
6633 1
-115221 -2
6629 1
-6629 -1
698927 1
-698927 -1
11766 1
-11766 -1
602768 1
-602768 -1
18535 1
-18535 -1
14344 1
-14344 -1
25735 1
-25735 -1
2754 1
-2754 -1
8924 1
-8924 -1
32433 1
-32433 -1
18759 1
-18759 -1
31585 1
-31585 -1
79331 1
-79331 -1
15913 1
-15913 -1
1292617 1
-1292617 -1
41308 1
-41308 -1
69671 1
-69671 -1
796 1
-796 -1
4226 1
-4226 -1
2530 1
4200 1
-6730 -2
37686 1
17536 1
530360 1
38055 1
31141 1
31537 1
52043 1
16942 1
60973 1
15670 1
24814 1
12668 1
23751 1
800 1
800 1
21015 1
44136 1
3486768 1
800 1
2399 1
39625 1
25302 1
129389 1
29835 1
93677 1
16741 1
10029 1
4261 1
8714 1
4968 1
13189 1
334635 1
5388 1
40412 1
1291797 1
18255 1
11245 1
334635 1
334635 1
334635 1
8714 1
4261 1
32398 1
2829 1
58960 1
58960 1
32713 1
30353 1
58140 1
58140 1
15985 1
25036 1
1503520 1
14018 1
79672 1
22969 1
65745 1
15786 1
18855 1
21004 1
142431 1
